image_00000 219 262 244 294
image_00001 224 264 250 296
image_00002 223 262 247 294
image_00003 223 261 248 298
image_00004 223 261 249 297
image_00005 222 255 252 298
image_00006 221 258 248 297
image_00007 222 257 249 299
image_00008 220 255 250 300
image_00009 220 256 250 301
image_00010 218 256 248 299
image_00011 217 255 250 301
image_00012 218 255 249 301
image_00013 218 236 248 303
image_00014 218 236 251 303
image_00015 218 234 255 303
image_00016 219 236 255 305
image_00017 219 237 256 302
image_00018 216 236 258 302
image_00019 217 236 262 302
image_00020 216 239 265 304
image_00021 215 238 266 303
image_00022 216 239 266 301
image_00023 214 242 266 303
image_00024 215 240 272 304
image_00025 214 242 274 304
image_00026 215 240 267 305
image_00027 216 237 271 307
image_00028 213 240 273 306
image_00029 230 235 267 305
image_00030 231 239 271 308
image_00031 232 238 270 308
image_00032 233 239 271 306
image_00033 235 237 266 307
image_00034 237 235 265 310
image_00035 238 236 266 308
image_00036 237 233 269 311
image_00037 236 233 269 311
image_00038 236 231 272 309
image_00039 237 231 272 310
image_00040 237 236 273 310
image_00041 236 231 278 309
image_00042 236 237 274 312
image_00043 234 234 275 311
image_00044 229 235 274 309
image_00045 232 232 276 308
image_00046 232 231 274 309
image_00047 243 234 275 276
image_00048 245 237 275 274
image_00049 246 233 275 271
image_00050 247 235 278 271
image_00051 252 238 276 267
image_00052 253 240 275 269
image_00053 254 241 276 267
image_00054 254 239 275 266
image_00055 252 238 276 266
image_00056 255 240 275 265
image_00057 256 239 276 266
image_00058 256 239 272 262
image_00059 257 240 276 266
image_00060 258 238 277 265
image_00061 257 238 270 258
image_00062 256 239 272 260
image_00063 257 238 271 259
